2.285430725469845381e+00
2.285451699119887436e+00
2.288067411014620411e+00
2.286197520652261339e+00
2.285020561235655556e+00
2.287472619556043973e+00
2.286639468287950283e+00
2.284635851300119924e+00
2.286307281493541677e+00
2.287509058239669546e+00
2.285153531081911993e+00
2.286063535044499773e+00
2.287536151593364764e+00
2.285548385179505981e+00
2.284670987424163080e+00
2.287186501462281196e+00
2.287056746358690162e+00
2.284940430704409220e+00
2.286405217666559242e+00
2.286912616314756619e+00
2.284840469320458922e+00
2.285514804348086404e+00
2.287519521697344960e+00
2.284805936044080443e+00
2.284001253707991896e+00
2.286571656590645762e+00
2.285464401253511468e+00
2.283445081389581244e+00
2.286468318733270166e+00
2.286373668718897356e+00
2.283568094233841439e+00
2.284427623670059582e+00
2.286546285688039415e+00
2.283106091738393406e+00
2.282969862250560311e+00
2.285568656141063304e+00
2.283433564515180869e+00
2.281821081886533431e+00
2.284096702552077307e+00
2.283984120605399237e+00
2.280897321888420315e+00
2.282771548693161012e+00
2.284475190572271774e+00
2.281966764169815587e+00
2.281842009495743451e+00
2.285236780603278728e+00
2.283081938898604335e+00
2.279791377409619457e+00
2.283868120448012906e+00
2.283663062492560680e+00
2.279950214006359221e+00
2.281486961012805015e+00
2.284550401533466335e+00
2.281234888711356046e+00
2.280717386729567142e+00
2.284977326889203297e+00
2.282682426979055101e+00
2.279763702560074545e+00
2.284198825139104549e+00
2.283861982462453533e+00
2.279928487323120034e+00
2.282624304599805143e+00
2.284864062081614744e+00
2.281017858517951247e+00
2.280671796672951945e+00
2.285619088968696033e+00
2.282081697624453120e+00
2.278941834977413983e+00
2.284157281120257732e+00
2.284205792933456713e+00
2.278763392533293963e+00
2.282320798393381533e+00
2.284980436808181636e+00
2.279197907430180692e+00
2.280012260488251563e+00
2.285462892908912025e+00
2.280746159691176445e+00
2.278726871950711441e+00
2.284587165674456521e+00
2.282889231110818429e+00
2.277458803126886977e+00
2.283234307887870074e+00
2.285132622567361604e+00
2.278813417001630537e+00
2.280712554375133649e+00
2.286547665983309496e+00
2.279935747827886328e+00
2.278830362931336229e+00
2.286072263603570409e+00
2.283193647122616632e+00
2.277879628316733740e+00
2.283771241210341252e+00
2.285550870451222405e+00
2.278215313211417570e+00
2.280900380749140588e+00
2.286891278071083278e+00
2.280124976325518915e+00
2.278704320873286449e+00
2.286424078156027662e+00
2.282715472889446318e+00
2.277382738690139075e+00
2.283797365180819661e+00
2.284942729856338062e+00
2.277380044796656122e+00
2.282035670208192979e+00
2.287388204098350197e+00
2.278689285969336620e+00
2.278377747774368522e+00
2.286695790687572671e+00
2.282247310912777660e+00
2.277090256231461662e+00
2.284687330518469839e+00
2.284944401944478010e+00
2.277307250981425835e+00
2.282379594916382093e+00
2.287023562072684424e+00
2.279113684388636596e+00
2.278427797943878286e+00
2.285914830339674797e+00
2.280901958324068612e+00
2.276508508216842142e+00
2.283447718894610734e+00
2.283349198159483340e+00
2.275830344546261319e+00
2.280898891883093693e+00
2.284958119924289655e+00
2.277676518376956061e+00
2.277823365562907210e+00
2.284611085863579305e+00
2.279759885247153672e+00
2.276034144415404636e+00
2.283072121106427765e+00
2.282386009661751203e+00
2.275441289015604607e+00
2.279938719486286125e+00
2.283669782427141914e+00
2.276971195613533894e+00
2.277808056301481532e+00
2.283011285583115502e+00
2.278260988130032416e+00
2.275243869422394649e+00
2.281713205654134935e+00
2.279959915813880578e+00
2.274918036571780267e+00
2.279419304701478133e+00
2.281251879548959582e+00
2.276179860797932442e+00
2.277408314461674799e+00
2.281582891308578276e+00
2.277283099052254567e+00
2.275402970168439953e+00
2.281272498510091840e+00
2.278916177525749820e+00
2.275313823321593265e+00
2.278990452269629596e+00
2.280099782362341898e+00
2.274751985314436453e+00
2.277479437048243405e+00
2.280603368617195592e+00
2.276863868114952005e+00
2.276035317382743450e+00
2.279924374000771969e+00
2.278063953165487820e+00
2.275565510185931117e+00
2.279142330964587959e+00
2.279029526387460258e+00
2.275664282332657606e+00
2.278419696769478087e+00
2.280597065546688729e+00
2.276751778805459203e+00
2.277793730863581612e+00
2.280828110311850843e+00
2.277891594981529710e+00
2.276443267331578202e+00
2.279915321514854654e+00
2.279800083240609343e+00
2.277318583591662282e+00
2.279954922884211310e+00
2.280929034558160318e+00
2.277436081174306182e+00
2.278516453406303377e+00
2.281280164685674183e+00
2.278282503948990456e+00
2.277816704189242980e+00
2.281376434869635261e+00
2.280297899187594624e+00
2.277549725610549469e+00
2.280442204078983348e+00
2.280847960855459267e+00
2.277694321006628719e+00
2.279306024866059044e+00
2.281542403681138698e+00
2.278093099116549336e+00
2.277198095055196436e+00
2.280571745512516735e+00
2.278963828050628138e+00
2.277027014962683893e+00
2.280067718967906387e+00
2.280125075438336424e+00
2.277133689243652004e+00
2.279398838125159976e+00
2.281432626062645408e+00
2.278324877012896543e+00
2.278203180005477613e+00
2.282130507626964899e+00
2.279455966280556023e+00
2.277316205424655404e+00
2.281349564923564444e+00
2.281267419023735421e+00
2.277008761761015521e+00
2.279409981229136406e+00
2.281181837329012030e+00
2.277537481515103490e+00
2.278080124793198102e+00
2.281466637898363015e+00
2.278281555391295399e+00
2.277345719869718899e+00
2.280797053339093772e+00
2.280924532503711966e+00
2.277038673722246997e+00
2.279535903187070556e+00
2.281596386431731460e+00
2.277824555819228713e+00
2.278681906252797873e+00
2.281704620473811840e+00
2.278849173116467952e+00
2.277082245279721473e+00
2.280985100740876348e+00
2.280597579092870308e+00
2.277311258271592198e+00
2.279696466389500742e+00
2.280521943742062518e+00
2.278000982012168496e+00
2.278339531554488318e+00
2.280991600176791145e+00
2.278566429410320282e+00
2.277675925663867673e+00
2.280224780434722653e+00
2.279203702902293127e+00
2.277187444382348769e+00
2.279581356468916908e+00
2.280624078395512733e+00
2.277801773214949144e+00
2.279353538721180072e+00
2.280512717259043143e+00
2.277689430105174218e+00
2.278557396548141600e+00
2.281387816253373835e+00
2.279877068771230864e+00
2.278588748328723934e+00
2.281357682130570996e+00
2.281579932853380566e+00
2.279234784526430690e+00
2.280662660334535463e+00
2.282011319560273588e+00
2.279668820650974759e+00
2.279934256595853359e+00
2.281492332631611664e+00
2.279926942052741712e+00
2.279427942999147305e+00
2.281489287446835768e+00
2.280542035893355912e+00
2.278424153203491453e+00
2.279231669353702028e+00
2.279503138360473358e+00
2.277477356152471266e+00
2.277896373122632490e+00
2.279192061924994572e+00
2.277083627342816552e+00
2.276597794750096604e+00
2.277523331608463319e+00
2.276467531572390346e+00
2.274783911102467915e+00
2.276079558356253862e+00
2.275982289100737077e+00
2.273598228900748364e+00
2.273948818179400977e+00
2.274700872710171851e+00
2.272901909156062494e+00
2.272672106625589716e+00
2.272553639453600116e+00
2.270404765730681174e+00
2.267394743042211669e+00
2.265476701376778035e+00
2.260575811025851145e+00
2.250973442291570148e+00
2.240208777848452293e+00
2.223824780385908362e+00
2.200043823263525322e+00
2.173931328027451038e+00
2.145048834827391726e+00
2.112690853287243264e+00
2.079683762506893352e+00
2.045111883063290392e+00
2.010056666306387019e+00
1.967932493255581283e+00
1.925980773720456396e+00
1.884679111300498588e+00
1.838476117956904243e+00
1.794397265399078734e+00
1.750079916970090244e+00
1.703407376621709268e+00
1.654548318998357637e+00
1.607136984897979071e+00
1.559548516891022585e+00
1.513329004740516348e+00
1.467391348499553994e+00
1.421885712439016292e+00
1.378804346508185175e+00
1.339043528839462649e+00
1.304398664875574099e+00
1.271931857626221296e+00
1.242518936387926320e+00
1.218238623294954914e+00
1.198389977274553431e+00
1.179085341837345258e+00
1.157399770818160478e+00
1.141035974248223450e+00
1.128307320246887180e+00
1.116314356364305205e+00
1.107553596485455927e+00
1.100658618785700593e+00
1.094152629600142257e+00
1.089311814697609737e+00
1.089062828855630549e+00
1.091487494913616185e+00
1.090818459880983138e+00
1.090956268926439376e+00
1.095395210863369106e+00
1.096450346938319997e+00
1.099204883231492458e+00
1.105002043543950707e+00
1.108292492879388469e+00
1.108887216906150996e+00
1.113779550362489879e+00
1.118991432574300449e+00
1.119970997808421576e+00
1.123168229092844639e+00
1.127691801839403762e+00
1.125746969078512905e+00
1.124697222583862066e+00
1.129019984130080978e+00
1.131692885066412968e+00
1.128710530056713512e+00
1.129927838933175277e+00
1.131577678764144945e+00
1.129235520581941321e+00
1.129430156645309768e+00
1.132823184842417064e+00
1.130058041634304011e+00
1.127348240610217989e+00
1.131358003146724744e+00
1.131579258264535648e+00
1.127774684308916475e+00
1.128864135837399862e+00
1.130480845679041169e+00
1.125751624966596642e+00
1.123437262886708643e+00
1.126910310081977951e+00
1.127019249620971664e+00
1.124436899391624056e+00
1.127523157815291999e+00
1.127827646867449518e+00
1.123749225519936612e+00
1.124072353761972343e+00
1.127713670588397665e+00
1.125943146554694518e+00
1.124551541833676449e+00
1.126538114784120026e+00
1.124669842094894845e+00
1.120830668602073477e+00
1.123344947654260073e+00
1.126133273560323111e+00
1.124528835611791955e+00
1.124448215156938824e+00
1.124807518575318355e+00
1.121726974414734679e+00
1.119665605201654257e+00
1.121042871831704479e+00
1.121226391784636123e+00
1.118282707198958503e+00
1.117216347199263105e+00
1.117725166051003249e+00
1.114941383207073811e+00
1.113534032123701945e+00
1.115456238134466593e+00
1.115363676667698867e+00
1.113528435836559360e+00
1.114415515360106301e+00
1.117533068965246956e+00
1.113944715886393100e+00
1.112834373670630095e+00
1.116242405570873730e+00
1.115789832227364720e+00
1.112818384655661630e+00
1.115258517348447054e+00
1.117124466365267299e+00
1.113184473878816805e+00
1.113852881752152468e+00
1.117221822138704912e+00
1.114620566744454422e+00
1.112982468366493949e+00
1.117413129229053226e+00
1.117494894032980524e+00
1.113764027489607011e+00
1.116873295622057505e+00
1.119717368788483602e+00
1.114194013626329971e+00
1.115292282764005272e+00
1.120787640673282626e+00
1.117434966185597345e+00
1.114477188057960477e+00
1.120687663493977082e+00
1.121366791752353320e+00
1.116428017621313495e+00
1.121075544368381305e+00
1.126655588801254826e+00
1.121758516900034586e+00
1.121980715938475370e+00
1.129664295942018004e+00
1.126755579614667990e+00
1.121970940843405984e+00
1.130231612177524880e+00
1.131188123691230674e+00
1.124539596179948475e+00
1.129957595394345704e+00
1.136126465654443640e+00
1.128991312698271576e+00
1.128763390333472172e+00
1.138635007630766083e+00
1.135669772400826005e+00
1.129339454123642117e+00
1.137930683945659327e+00
1.139097820735630151e+00
1.130141691445251118e+00
1.134384981268250492e+00
1.141973168693501073e+00
1.132434589664560010e+00
1.130330185657237863e+00
1.141381861088350380e+00
1.135939950215713479e+00
1.127650059973268837e+00
1.138409197048213528e+00
1.139404254394827731e+00
1.127723600949257943e+00
1.132525459805175494e+00
1.140531757739274621e+00
1.129664500050936660e+00
1.127956868421834180e+00
1.139366455092152730e+00
1.134562529991463675e+00
1.125513783718620875e+00
1.137290418560784833e+00
1.139442559227547891e+00
1.127220614420208156e+00
1.132250296992687311e+00
1.142070351572031184e+00
1.131130458146074602e+00
1.129279098889519606e+00
1.142134845866278114e+00
1.136952050527533009e+00
1.128296642740091782e+00
1.139774068925328177e+00
1.141582866538367602e+00
1.129770045094200981e+00
1.136345861499584498e+00
1.145178143811699467e+00
1.134441088190434765e+00
1.132694863061917578e+00
1.144937949256522591e+00
1.139737346373526972e+00
1.132033809008973213e+00
1.143630355766015683e+00
1.146429442068639837e+00
1.133840196305900161e+00
1.139072244336331030e+00
1.147774526566157860e+00
1.136491782136403339e+00
1.135383253436581974e+00
1.147241830474969193e+00
1.141220530872021133e+00
1.132864924692900788e+00
1.143003794653698391e+00
1.144552848374786658e+00
1.132852880231890014e+00
1.138033941478960420e+00
1.145910041454818007e+00
1.135842036489547846e+00
1.134689980054883973e+00
1.145040867525296324e+00
1.139578656591694550e+00
1.131652594484943375e+00
1.139815527869917577e+00
1.142054284934227004e+00
1.131279864693438109e+00
1.136245639625700132e+00
1.142516082762852214e+00
1.133025048830505366e+00
1.131870087905740618e+00
1.141611993215216891e+00
1.136444457173703348e+00
1.129243140699608183e+00
1.137954987075189273e+00
1.139088757742682256e+00
1.129887772974243809e+00
1.133563703781150567e+00
1.140242137189430460e+00
1.131863133324223725e+00
1.130623094903825843e+00
1.139682338219035307e+00
1.135333316118225078e+00
1.129448751675137697e+00
1.136864490007705841e+00
1.137471365428416092e+00
1.130102814008621115e+00
1.133938147182951495e+00
1.138869402279491183e+00
1.132021911965868322e+00
1.131984956412674270e+00
1.138922056949732031e+00
1.135175051317485417e+00
1.131229016583415792e+00
1.137640238815196492e+00
1.137553620563319656e+00
1.131526379000598714e+00
1.134979161173183648e+00
1.139058085557614453e+00
1.132265894572530129e+00
1.131794755733149582e+00
1.138418579338099201e+00
1.133947302153108572e+00
1.130271732343236968e+00
1.135224086842643310e+00
1.135279991036255431e+00
1.129578499760270915e+00
1.132633191356010149e+00
1.135911490274714053e+00
1.131300409733690060e+00
1.130089146577254677e+00
1.135462840660355299e+00
1.132435281823137352e+00
1.129296647584951074e+00
1.133081234977936225e+00
1.132766993547721368e+00
1.128536514861276485e+00
1.130854408441037906e+00
1.133283058439575886e+00
1.128990215251086449e+00
1.128828601889546368e+00
1.132775302441502596e+00
1.130419668621193363e+00
1.127945521903901627e+00
1.131764788438502700e+00
1.131804864805368016e+00
1.127611787708849178e+00
1.130073448205594300e+00
1.132037388070473494e+00
1.128367597129496414e+00
1.128874975381437107e+00
1.131379620648957030e+00
1.129730685392689837e+00
1.128253369219343050e+00
1.130151263101339509e+00
1.130030775367031337e+00
1.127446903264983646e+00
1.129246711945793402e+00
1.130663410164653992e+00
1.128495881550323210e+00
1.128496817440697741e+00
1.130343929510115641e+00
1.128643187413681526e+00
1.128461383530040774e+00
1.130694245279802113e+00
1.129939933333048652e+00
1.126989588307625523e+00
1.128273333617915375e+00
1.129793662503436824e+00
1.128711403005958180e+00
1.128801767495481556e+00
1.130138649726815103e+00
1.128355023650427169e+00
1.127339893804270243e+00
1.129408035270474286e+00
1.128863907460460725e+00
1.126958732530342955e+00
1.127477432494900844e+00
1.128428010259952652e+00
1.126342404508170691e+00
1.126106955006396459e+00
1.127292742416972304e+00
1.126351727461140761e+00
1.124909831791573112e+00
1.124495184889926946e+00
1.124866283286805491e+00
1.123457696251047411e+00
1.123587099929231670e+00
1.123470910096700193e+00
1.122365516189202772e+00
1.121922142243286791e+00
1.121650357708406931e+00
